nid vid contig scaffold genenum gccontent titles
567242 567243 34 345 34 34 NULL
85475 85476     NULL
85491 85492     NULL
85490 85491     NULL
85493 85494     NULL
85467 85468     NULL
85480 85481     NULL
85479 85480     NULL
85481 85482     NULL
85477 85478     NULL
85464 85465 16551 658851 21004 32.47 Downloads
85492 85493 51418 1366867 10784 42.67 Downloads
85483 85484 45882 4060615 15080 35.74 Downloads
85466 85467 23511 7172596 13594 34.69 Downloads
683082 683088 14791 298012 14086 41.98 NULL
85471 85472 4137 361260 24671 36.03 Downloads
103470 103471 NA 109898 22786 38.11 NULL
85473 85474 6314 910924 15497 34.40 NULL
85465 85466 5173 342549 30465 30.59 NULL
85478 85479 1410 125467 14390 35.82 Downloads
85472 85473 10149 465572 30041 29.83 Downloads
85476 85477 4858 914009 33019 33.34 NULL
683079 683085 14518 1037125 19869 33.90 NULL
85474 85475 5738 862645 29783 32.48 Downloads
85496 85497 6159 948890 17553 54.28 Downloads
85494 85495 3812 344118 20949 32.46 NULL
85488 85489 16482 978724 19768 36.15 Downloads
583911 583917 224386 976726 14530 39.15 Downloads
85482 85483 12200 527117 19557 38.00 Downloads
85487 85488 34151 1806487 10959 43.21 Downloads
85486 85487 78771 3706225 13200 38.10 Downloads
85469 85470 15427 251443 17483 32.21 NULL
683077 683083 1834 63233 20617 39.10 NULL
85484 85485 4047 339960 19615 32.62 Downloads
85470 85471 2103 60000 NA 34.83 NULL
85495 85496 2223 13889 17364 29.24 NULL
567263 567269 436543 3129048 15836 39.35 Downloads
567266 567272 149052 657776 14281 40.36 Downloads
567272 567278 214270 1713827 14918 38.84 Downloads
611007 611013 275834 1050437 14089 42.61 Downloads
611010 611016 209023 903526 14026 42.91 Downloads
639128 639134 19300 44904 14565 39.21 Downloads
639132 639138 125250 387609 13507 40.15 Downloads
683085 683091 14,032 756,041   NULL
